000

4444oe 19019 1931990110( 111· 011(111.101111[119,
1· 0,·’

16006660106,Ε111109111111110110
001111110,1611,1110310111019111011111,
77111, 11)11971111,11.0012, 919, 70, 004. 1 411
7110111111101111171111361111011111 4011.

1:111201‘0 ,2701 141041141 ,70077 0001100010 404
71( 00010101011010911101710 (1.0 ,11· 01440-
91110090, [HR a] 1001111111 fornicis

1111111110 11

*00411141111111141110 1111117110 40
1110111111( 0111011 1111101·110011111111111,11119110
6101107111106610911.09110100 3
6091, [1192000011 0100331( (1110191101
401¹ 11711171 0 11 70111911 9101(1071··0010107,1·0-
440441 6110111771, 0041104011 101041111 014.
711706( 0¹0.0111

1011011110,111110011111.

7671066106, [1106101101. 1011017171
3111391317. 33)· 00000( 4001101...
G4¹0110 01 ’90070 1011711177 00 140001 40144.
7111111, 61101101110001117100 6101101

’,2, 67106606, ἰ19111 610011011191110,

6976 6071’,00’61111Α1·071,17766’,

·11οε6707117100191007 G1¹011404 0770
4441 444040141 (·013071 (·71011( ’0707010 (1111770 ((0170
0111000701,

*¹,GROST44 Ε1011111,1111·11101111, 100111
1101111191111 19111, 4140. 11114'0114114
G1144r.1141¹00040. 0400141141011.1 0101144.
44414. 1301. 104841: G4¹01400 (01( ,91110 40004
4114 04¹ G4¹014040 404404001'1 401440410101-
4001 V04 0104 A4¹4440414,4 04 40004140 41

91107 1110, 04101440004 400 114 90 (concessi).
171110 111711 61111702,

14110114441144. 0011111711 , 1101110171
1011111111, 414010 (1’11011 72170170 (11.0( 0111111
4001300'. 111111400 61( 1101 14001¹001 14010
0001019101101111017(1019001903
0014140411004111014041110111411111014401414044,0140
011414 00 400141000 (70917110 00014414004141141
(77071077 00440411,014411 G10140440 Το-
4010 [10717700.

1703106Το, [110 610170. 1117111101, 11011111,
611.( 6710010011. 1⁷11 (1101091110 4140 1·.010
001111110171666.01·((01111111110911.11110
11111, 1301: 7010 3040410044010444141114
0 144040 0011111110 1014104 70 10977 4440410,
01100140414011100440101401 1404. 41011011111110 414
410 0441 (11111,911111οο 4111 G1¹0140410141,
01 11111 110014¹ 01¹ 4010 61· 01 40041. N414 1¹01 1000114
1010111911.

11600600, 01101111,0101111110,111-
0(1’111,61111006(010001300111101119171.
10111,’1,[119,11,001,1.1111111111111
1333: 7 0109017017 10111 14101141444-1414'444

40141144 007070 410 ((100 79771071 00 6109000 41
R014144401 400110141141 0190001010 070
B4011111100014'11411001 60190001( 770171( 1444

0140040110101, [1790010107 4140 4040-
441441'1 0004 90017 7107100107 40 00707 440
P4¹0040040 0440400 0190110100,οΰ 00 91170
(7107 711111 0911( 1 000 400404104. 7011711111 410 Rai-
111110144 ,11111011000111011010101111 [11111
7771011107, 1011, ’1223 0 7776, 7), B4¹111104
404. 64.1¹.:⁰ 01 01717010 07100107 (1’00( 1044 410·
71007 4411 7017 7107700 17001 01104101, 177170
001010 044 G1¹011011 (70 707000 70701· 101·-
1¹0111 00111111 (11177770 04 401¹1¹01110001¹41 7701-

7100177, 44414010 110 440110 C4¹01¹110 010 111710-
10 01¹ 411 ’71101101 41000 F401¹4011414 7701111111
104 7111079101 01111110οο01 0101170111 1007
111110 38 01 ,111 11110 00011111 411 (10
1170 01 91101 1100 61070261710710001
0100

·1·· 2, 100114114, 0111111, 4404110144441,
0441. 721· 0400140411. 7709. 34. 4144 0111110979.
109110111117117, 1111101111.1011101111·
7107107177( 7911709110 9101701071 4414144414411111 107
1117110, 04 011011111170010110 111 (1012
40¹111044 771001· 004 4140100410140114441144 3110771171

1711111 401401 0 011001141'1441.

400411100 11·(,1111 100111 0111111111
(0110111101 11117111’,6,111,610((.11,’71·0,1(
0011111110 1371. ’111 411¹ 101711111101111,

0140

(0911110101911101(0111111(((01(11111111,
400410 00 ···10170 0171001110 011111411104111
61 0141 9110 441¹ 4410 4414 140141 400041040.

*.‚101101141 011·,111 10111111, 10110, 1101-

11111011 6171061111, 1111.’1227,111101
Ῥ’10.1111101111.Η111.7·0111,91971001.

41404411441,001141¹¹¹0101140 100 1441-
040¹44 0100 4410 4004 1017170107 (11 017071·-
9001070 40040 C4¹010411111, 1041 14104411¹0114414

001111111011.12·.·’12’ 61011011, 901701
4444'014 09010177 110141 ¹4 40001¹4,00 17017 14¹000
41104,04 40440411144104044101414004101110141111
C1¹014101 040010100 ..... D011¹10401G4¹40004
9117 011 41024011' 40104 0 0411 44 04 911101
1101( 101 [’10171, 4110144144 101 140440111401 414
(01701111 11111131271111109011011111
10971 109. 011. 01: 671711190007107 01¹ 140 1,014.
71701707061017107 040110 6101010770 40041
70777707 104111100140000444011140 040. 4 14
10111111 11111. 1387111 7109132011, 37ε
L0141 [11177007 41414401 4101404 (7727·0110 7700077,
(709007 1101701000777 07109 0114144 G1¹01 044
fosse, 907 010144140140101'04. V140111410
61070117.

2 6110606 1111 0010111111, 6111, 01·,0110
[11107010 711(011111.776,1(111,130οῑ 011003
1400 11 71019707 4114 441 101( 411, 0114 0( 4000 44 14444 0041-
44411,0 1141114100410⁷0104104¹440 010441 (771
111110'0104111 411 040 61010 070 1144. 77011-
111- 1-(19. [119. 011: D04100440 114011414040400
1110 (7701777 0¹00 001001 (1( 111 91001111( 40
-0010 04004 4 4414 00440 401104 0444 G414111404, 07
7011007100( (71707100 70170010 7011009110
00400441401410040110

Ρ1.,1117117Τ11Ζ710911,777171, 141141014114. 10.
41

01101 41100114141 7701010117 1117110110πο 6101101.

Quo 4000 1111001911 0011111111 (111017 77119101·
7871199917 (7101101, 1011 7700710 1411 440400.

..7700110717 10110111 (0111001010 (70101111
1111111111(1111111111,11111111111111111101111111.

2,,011οΤ11 1111111111, 140001, 11011111
611700 ,¹104 ’61077 440 011 6199170. 7110011101
430104'11440111 31111111 414 1·1(1(1111(1.1111
[* Locus 11141401140011104001104100444111
111 00110111 1, 1110111 (111011 61911 1141. 0111111
11111,1310,11101111·111.1 6.1·1719’101,011,(’18;
619111 ..,1110100709017711101170’0,((1
70 4044 71 400 610 0441 077000 44410110,1'44''4
[6107 0 S ,101 (100777, 111 01111111 11111. 1210.
0111111011110 0900091101 7111111, [119.
21110 72101111 440 Ga 411

11 140141401 1001 40001 04 1001401140,
440 1100 61010 9110 7110117 81111111.

.411111 ε
Ne 1101110 610101 ([10 ((111 4400 01119771.

1Εο Roman 11111111..

0011011701 1111111 (7101190777
71011111 11110 6101111 40 1011111· 4000,
14 1010111111110111 44 (11011 900110,
Et 141 9110101107( 0'00 istra,
7717171 (1010111170 duel 1110111111. 4

3 04014000101. 0111111 400. 1117,
191111 10114'011010 111 6911001111 17119110-
1100111101 [119.1,·28; U001¹ G10 00144 140
TO401041001 4110404414001400 7011701
010401410414004010 040041440 0044110 14110411
414,114141'041, 40 (1111111111111110110101110
0111011111( ((11.1 1208. 919,5;.107011(1(7
411440101'11444114114 70 6(’70 40 0010707 0111·-

001 17, 0’7 7’07111110 ,11011701 11011111 4014-411
111’1(1’111 44414101'1111441 101111, 71111. ,11·0111011.
[1191177 77101( 1070101101( 111910 61077011(
140441114111141014110104141444441114 [119.

1761 4401411'1410044401014100 10141001414010
00009711 61·(0710011700711110907710011 1701·οῘ
404¹, ·1011144110101 0 9010701101 (10111 610
111111111111288.11(·1107171067710110111
7111111. 11111111. 7109.11010,11;101111(0
6017 710 114 91( 71( 6(’070170111111177077 (70107 404

0140 017

097100971111 11·(110111111111111111112121011019
3. 0111. 0711111, 11:11¹ 3:44 611111 6(’070
4111¹41044001111¹¹4400 410114041104440 1011113
0111110010010111901101(01170111111101011,
1226711 1111111101 01111111 1111106. 710 01
77111111011281770701111101101711007000
44011011 ((7111 00007 011010( 91110177070110706
(11111171(10171100011001110 1111111 121131111-
1.o·1 0179111110 0111. 1. [(19.130. 0043:
4040 4144 (0910177000717101110 (0000701710, His
011111111111111 10011 0011 140111 11,1 114 (1011191110
011101111101191111101111110(11913101
00444 14101101, 1¹04 quivis 11701 400111¹
(1011111101101(7000111107111172101711-
0111111101 G1040 70111, (11 011, 61007071010
00111 11110111 ;11110 1¹0401¹1¹4 90111111,
0040 11101101101111 1011 17111· 111F014 1011110111
9191811(770((07770771000700’911107607770
009110 101111110100117710170177001 61070 0901107
4100 0011 (7010 007110 0 01710710017010
44111141400 4141144401'11111, G1¹044 0401441011'410144 0441,
004 (71117111 61·(70 04 0110 01140400 40140-
041'410111 10 041141 4¹1041 440041 40 001414 010 1071101·-
1,04100 4¹000 G044400, 9010 6101071 11971119,
(1071970111, 0110071100110(01110070
4110100440141011 C14040110111F40110
0991110770( 1¹0G1¹440 4004 1140 0191101, 100177001οε
·0077 .

7¹3414444 400. 101: Q00414440141 C4¹040144
100 40411401410040111 710171, 14441 70 7000 040
804410004 040. 6107· 040, 0014010 601,110 10114.
1011011100 11440111414114011-41
10911.1’09.011.11’1;1 77010 000 0410144441400
4400 00 4041 4401 61070701, 0114101 00 70 110170
V40404¹101100414¹0¹401011¹040 77097 71010, 610( (170
1010,[11010111100,1·11190 7701170 111 01111·-
1111, 11911, 61017007, 0·.01111111 4110. 1121
4.414 126 1¹.⁰. ¹ 01010 04401 1¹0¹1¹101¹4 711007
(401 ((1111 (111110 070 6170010 140 7097710,
[99117010 700117 09910( 4.0¹040 7111011111(
1040001.

**,GROTRLISSARE 01011111791171110110
1170110110 111110 7110011101 1101011111
019,11,1[1.Ε111111011. [(19.1771007
9111007000 ..S114111000011410440 17110
1117171 1440411'0 4444110440441, 04 1¹ 90 7111010
6107 04411010.

Vt *GROTATUS, 00101100111111, 6111,
004

0'. L44101¹ 14404111 404444040114441114.
67101, 1441111: 600171701900109010-

17000... ,001101”71061001000 (091007010070 070,
701900 001111100041104 (00000717 111010100-
170000 (971100 0007791101, 01440041014104401'00-
(001·οε 6107701· 1110711111111.111 144-1404
0014. T441144.441111401 1010 S001400 0'040
000 1111111901117111011111101 1172.
017109. 101. 071111 10971. 109, 041. 801: Les
(0191191011 14100401 0091101[’(01701·00770
00041,004 0440411004 1101101101( 140401440010'0,
0144111040104¹110,01'1 0141 4004 91707911( 701170
1011919101 G404 07001. 711 711 61011070, 111010-
1101191111111011111111,
11171101100,11101010111000,010111,
0110111110011,91111101110111111011111111 414
0100014001 0 10011111 (1101101111. Η111.
1117911111 1011111119, 443 Ε1111, 160001,
919, 00, Ε1711. Ρ1111. 1117111111111110110
131131 122οῑ 61071011010071771071770177610
40110114 141014410411410110, (01.111 6011177(
10010007 44¹0 10411114040 1110 7001011170 ,·
7111700717 0440-1 0011011 4004411'04 0441104 610-
70170111, (707107 1771117 07 11101104041040 1400441-
0171111 9101· 9117119110 401101441 707010, 1400
1’700·

411041111141110111141.
*140404414411410 11911 30117010
1671οΤ07766.. 7011 6011, 0101 101113.
004 4444 71010110 7709311171 7700171071
414 1111171371 :441104 ¹140 411 111143414141110-
((707 71·, V41¹01¹401 1410444104 (0090711010 00
1117010 ,7170 ((1091 1411.1¹c40 77017077 7000, 11071077 711110

404101404144411,0S41404¹04041410S14¹4
9171· P1¹111¹000 070·111 111 00111777 37”’0(7 00017
7110017011( 9111101701116107 0014411, 10 0910771000
1701111171 144 4404 44¹400010141' 1410 014110,11

 

